  0.49023894E-02  0.54245183E-02  0.48911748E-02  0.65669485E-02  0.96988890E-01  0.97291505E-02  0.94723431E-01  0.00000000E+00  0.12118536E+00  0.93889922E-01  0.14893194E-01  0.59656847E-02  0.00000000E+00  0.20727012E-01  0.15667325E-02  0.11878526E+00  0.34413718E-01  0.45001047E-05  0.66035158E-02  0.69208938E-02  0.11011895E-05  0.67348771E-02  0.11306696E-02  0.71687770E+00  0.61313680E+00  0.51599768E+00  0.50058668E-02  0.00000000E+00  0.26965155E-04  0.49602012E-02  0.00000000E+00  0.00000000E+00  0.13918455E-01  0.42716740E-01  0.52284966E+00  0.10942381E-01
  0.49160990E-02  0.53817925E-02  0.49123042E-02  0.66137288E-02  0.96367266E-01  0.97498419E-02  0.94670284E-01  0.00000000E+00  0.12120323E+00  0.94137727E-01  0.14844197E-01  0.59538814E-02  0.00000000E+00  0.20812588E-01  0.15395293E-02  0.11844508E+00  0.33211904E-01  0.54888811E-05  0.64292479E-02  0.70629241E-02  0.18585249E-05  0.72167592E-02  0.15259403E-02  0.72608411E+00  0.61262980E+00  0.51451701E+00  0.48722832E-02  0.15606848E-05  0.59427215E-04  0.49438725E-02  0.00000000E+00  0.00000000E+00  0.15674705E-01  0.41179923E-01  0.52587019E+00  0.12174564E-01
  0.49436913E-02  0.54046818E-02  0.49074390E-02  0.74243081E-02  0.10972914E+00  0.11005385E-01  0.10698648E+00  0.00000000E+00  0.10506911E+00  0.10637856E+00  0.16735779E-01  0.67639375E-02  0.00000000E+00  0.23352907E-01  0.13343287E-02  0.99380084E-01  0.28169676E-01  0.66704328E-05  0.60999056E-02  0.63803652E-02  0.70337991E-06  0.62729641E-02  0.15838849E-02  0.71131740E+00  0.52652255E+00  0.44193269E+00  0.56085173E-03  0.00000000E+00  0.12044869E-05  0.42441130E-05  0.00000000E+00  0.00000000E+00  0.12182967E-01  0.28773321E-01  0.43344513E+00  0.50019874E-02
  0.49538814E-02  0.53898846E-02  0.49322015E-02  0.85336749E-02  0.91979598E-01  0.91342624E-02  0.88581021E-01  0.00000000E+00  0.11335424E+00  0.87817382E-01  0.13879301E-01  0.55803766E-02  0.00000000E+00  0.19339998E-01  0.14396204E-02  0.10896412E+00  0.24670216E-01  0.70737286E-05  0.47635348E-02  0.42006519E-02  0.15706137E-05  0.42795373E-02  0.00000000E+00  0.30741381E-01  0.75929679E-02  0.60335548E-02  0.38700508E-02  0.00000000E+00  0.00000000E+00  0.49368782E-02  0.00000000E+00  0.00000000E+00  0.57757373E-02  0.21364591E-01  0.12041789E-01  0.65010398E-02
  0.49106745E-02  0.53980934E-02  0.48683073E-02  0.65254215E-02  0.13004866E+00  0.13005522E-01  0.12600892E+00  0.00000000E+00  0.10968211E+00  0.12346377E+00  0.19573797E-01  0.78196711E-02  0.00000000E+00  0.26660771E-01  0.13905344E-02  0.10578512E+00  0.28016014E-01  0.82446783E-05  0.55792746E-02  0.70737116E-02  0.34854032E-05  0.69204379E-02  0.14668664E-02  0.74518949E+00  0.76722581E+00  0.63965143E+00  0.39401339E-02  0.32141088E-05  0.29944032E-04  0.49660031E-02  0.00000000E+00  0.00000000E+00  0.14472975E-01  0.29299548E-01  0.69351576E+00  0.66010012E-02
  0.48923124E-02  0.54099271E-02  0.48604631E-02  0.65402115E-02  0.13001720E+00  0.12950041E-01  0.12625743E+00  0.00000000E+00  0.10966485E+00  0.12326558E+00  0.19464881E-01  0.78481006E-02  0.00000000E+00  0.26696760E-01  0.13905102E-02  0.10573304E+00  0.27843661E-01  0.49555676E-05  0.56088065E-02  0.70786592E-02  0.23332768E-05  0.68559726E-02  0.15490919E-02  0.74555350E+00  0.76943768E+00  0.63904481E+00  0.39015273E-02  0.00000000E+00  0.31070277E-04  0.49382021E-02  0.00000000E+00  0.00000000E+00  0.14635736E-01  0.28844424E-01  0.69270532E+00  0.79923286E-02
  0.49099301E-02  0.53952566E-02  0.48564712E-02  0.64891907E-02  0.12837583E+00  0.12860820E-01  0.12650520E+00  0.00000000E+00  0.10997316E+00  0.12481435E+00  0.19787960E-01  0.79326533E-02  0.00000000E+00  0.27137942E-01  0.13938400E-02  0.10605258E+00  0.27862819E-01  0.82581419E-05  0.55487755E-02  0.72367426E-02  0.32947554E-05  0.72324557E-02  0.14897523E-02  0.73383662E+00  0.76690160E+00  0.63824245E+00  0.39749475E-02  0.18052301E-05  0.15446309E-04  0.49572803E-02  0.00000000E+00  0.00000000E+00  0.15271596E-01  0.29181491E-01  0.69536633E+00  0.67161808E-02
  0.00000000E+00  0.00000000E+00  0.00000000E+00  0.00000000E+00  0.00000000E+00  0.00000000E+00  0.00000000E+00  0.00000000E+00  0.00000000E+00  0.00000000E+00  0.00000000E+00  0.00000000E+00  0.00000000E+00  0.00000000E+00  0.00000000E+00  0.00000000E+00  0.00000000E+00  0.00000000E+00  0.00000000E+00  0.00000000E+00  0.00000000E+00  0.00000000E+00  0.00000000E+00  0.00000000E+00  0.00000000E+00  0.00000000E+00  0.00000000E+00  0.00000000E+00  0.00000000E+00  0.00000000E+00  0.00000000E+00  0.00000000E+00  0.00000000E+00  0.00000000E+00  0.00000000E+00  0.00000000E+00
  0.49137148E-02  0.54004533E-02  0.48909702E-02  0.65602913E-02  0.84465541E-01  0.84348276E-02  0.82142986E-01  0.00000000E+00  0.12432161E+00  0.81446106E-01  0.12863373E-01  0.51613171E-02  0.00000000E+00  0.18052625E-01  0.15788273E-02  0.11965204E+00  0.36484750E-01  0.12612795E-04  0.72158882E-02  0.59046021E-02  0.19475084E-05  0.58986020E-02  0.12317114E-02  0.68890227E+00  0.27316060E+00  0.22772999E+00  0.49969148E-02  0.00000000E+00  0.00000000E+00  0.49797722E-02  0.00000000E+00  0.00000000E+00  0.11954192E-01  0.46161322E-01  0.21383332E+00  0.14152501E-01
  0.49026046E-02  0.54068880E-02  0.48734126E-02  0.64973544E-02  0.12719589E+00  0.12706667E-01  0.12581319E+00  0.00000000E+00  0.11002274E+00  0.12503162E+00  0.19819725E-01  0.79106093E-02  0.00000000E+00  0.27738596E-01  0.13911404E-02  0.10631677E+00  0.29348601E-01  0.82175789E-05  0.58761855E-02  0.89124708E-02  0.45131733E-05  0.88998176E-02  0.14292317E-02  0.72657927E+00  0.76385492E+00  0.63620419E+00  0.39697806E-02  0.11769548E-05  0.25848216E-04  0.49773991E-02  0.00000000E+00  0.00000000E+00  0.20190101E-01  0.31733284E-01  0.69602505E+00  0.69008692E-02
  0.49367534E-02  0.54180421E-02  0.48481068E-02  0.64820022E-02  0.12749533E+00  0.12725029E-01  0.12601705E+00  0.00000000E+00  0.11003002E+00  0.12492548E+00  0.19805489E-01  0.79124271E-02  0.00000000E+00  0.28435705E-01  0.14151897E-02  0.10610849E+00  0.29472384E-01  0.86842374E-05  0.59436229E-02  0.90112837E-02  0.49944643E-05  0.87800919E-02  0.14435506E-02  0.72724080E+00  0.76544643E+00  0.63717676E+00  0.39330567E-02  0.56311257E-05  0.21917694E-04  0.50148517E-02  0.00000000E+00  0.00000000E+00  0.20490264E-01  0.31041469E-01  0.69754346E+00  0.66444676E-02
  0.48925707E-02  0.53618951E-02  0.48737668E-02  0.65921177E-02  0.12717045E+00  0.12696294E-01  0.12575456E+00  0.00000000E+00  0.11124187E+00  0.12497933E+00  0.19853128E-01  0.78582743E-02  0.00000000E+00  0.27734657E-01  0.14106640E-02  0.10627543E+00  0.29426406E-01  0.82348999E-05  0.63319890E-02  0.90846709E-02  0.16826180E-05  0.87579249E-02  0.14921989E-02  0.72943358E+00  0.76486341E+00  0.63549686E+00  0.39781675E-02  0.76081370E-07  0.24163870E-04  0.48566295E-02  0.00000000E+00  0.00000000E+00  0.19492256E-01  0.31031062E-01  0.69445227E+00  0.75419084E-02
  0.00000000E+00  0.00000000E+00  0.00000000E+00  0.00000000E+00  0.00000000E+00  0.00000000E+00  0.00000000E+00  0.00000000E+00  0.00000000E+00  0.00000000E+00  0.00000000E+00  0.00000000E+00  0.00000000E+00  0.00000000E+00  0.00000000E+00  0.00000000E+00  0.00000000E+00  0.00000000E+00  0.00000000E+00  0.00000000E+00  0.00000000E+00  0.00000000E+00  0.00000000E+00  0.00000000E+00  0.00000000E+00  0.00000000E+00  0.00000000E+00  0.00000000E+00  0.00000000E+00  0.00000000E+00  0.00000000E+00  0.00000000E+00  0.00000000E+00  0.00000000E+00  0.00000000E+00  0.00000000E+00
  0.49216247E-02  0.53992947E-02  0.48492270E-02  0.64705908E-02  0.12540241E+00  0.12555272E-01  0.12443789E+00  0.00000000E+00  0.11046805E+00  0.12455722E+00  0.19756938E-01  0.78705180E-02  0.00000000E+00  0.29631619E-01  0.14044439E-02  0.10657150E+00  0.80391981E-01  0.94541802E-05  0.15435208E-01  0.15447358E-01  0.65430475E-05  0.15680115E-01  0.15112724E-02  0.71923427E+00  0.76430815E+00  0.63638968E+00  0.40173159E-02  0.15500839E-05  0.34491814E-04  0.49687448E-02  0.00000000E+00  0.00000000E+00  0.38369720E-01  0.12318319E+00  0.70091232E+00  0.16698564E-01
  0.49616092E-02  0.54221726E-02  0.49253042E-02  0.63893511E-02  0.82438149E-01  0.81443761E-02  0.79384301E-01  0.00000000E+00  0.12307460E+00  0.79295519E-01  0.12528607E-01  0.50197280E-02  0.00000000E+00  0.17683435E-01  0.16077746E-02  0.12526725E+00  0.23540531E-01  0.55389541E-05  0.46639371E-02  0.42075315E-02  0.00000000E+00  0.46764478E-02  0.00000000E+00  0.19390949E+00  0.10269793E-01  0.78398646E-02  0.50193978E-02  0.00000000E+00  0.00000000E+00  0.49011811E-02  0.00000000E+00  0.00000000E+00  0.59232279E-02  0.21174569E-01  0.18767366E-01  0.12892797E-01
  0.49148805E-02  0.54079471E-02  0.48945513E-02  0.65604602E-02  0.82273463E-01  0.82118617E-02  0.79765036E-01  0.00000000E+00  0.12299138E+00  0.78964637E-01  0.12476105E-01  0.49888682E-02  0.00000000E+00  0.17280883E-01  0.16404400E-02  0.12521488E+00  0.23780045E-01  0.94684287E-05  0.47914249E-02  0.44657929E-02  0.11284822E-05  0.44174768E-02  0.35857242E-05  0.84561720E-01  0.98229724E-02  0.82271162E-02  0.50293354E-02  0.44457673E-05  0.31817143E-04  0.49988384E-02  0.00000000E+00  0.00000000E+00  0.68820824E-02  0.20515988E-01  0.16715755E-01  0.12164274E-01
  0.49357630E-02  0.54122930E-02  0.48471339E-02  0.66342764E-02  0.12498560E+00  0.12466368E-01  0.12261613E+00  0.00000000E+00  0.10327957E+00  0.12132295E+00  0.19438315E-01  0.77022259E-02  0.00000000E+00  0.31608406E-01  0.12867775E-02  0.97105429E-01  0.16335429E+01  0.53727091E-03  0.32527626E+00  0.58521528E-01  0.14969005E-04  0.59216185E-01  0.11234126E-02  0.56757509E+00  0.87360566E+00  0.72933842E+00  0.54880355E-03  0.00000000E+00  0.64820444E-05  0.33791677E-03  0.00000000E+00  0.00000000E+00  0.19911645E-01  0.22752692E+00  0.11348256E+01  0.56186777E+00
  0.44990310E-02  0.61865690E-02  0.40577064E-02  0.68689885E-02  0.11553961E+00  0.12862653E-01  0.11462539E+00  0.00000000E+00  0.10782192E+00  0.10805738E+00  0.16027299E-01  0.83615927E-02  0.00000000E+00  0.30429527E-01  0.78221466E-03  0.97941288E-01  0.11325962E+01  0.00000000E+00  0.16941182E+00  0.27877107E-01  0.00000000E+00  0.65702364E-01  0.00000000E+00  0.65530688E+00  0.66159082E+00  0.64238868E+00  0.91375448E-03  0.00000000E+00  0.00000000E+00  0.00000000E+00  0.00000000E+00  0.00000000E+00  0.61143683E-01  0.20147806E+01  0.11985274E+01  0.38628612E+00
  0.49110749E-02  0.54192905E-02  0.48748053E-02  0.73852244E-02  0.11295621E+00  0.11216532E-01  0.11049343E+00  0.00000000E+00  0.10502258E+00  0.10907978E+00  0.17240915E-01  0.69501888E-02  0.00000000E+00  0.26925603E-01  0.13128791E-02  0.98726898E-01  0.10565380E+01  0.80979859E-03  0.21319938E+00  0.37103955E-01  0.40403107E-05  0.37086807E-01  0.14065943E-02  0.63561934E+00  0.76306812E+00  0.63072567E+00  0.53966731E-03  0.00000000E+00  0.16059825E-05  0.30061913E-04  0.00000000E+00  0.00000000E+00  0.95446305E-01  0.18604717E+01  0.96270226E+00  0.34256091E+00
  0.49901123E-02  0.53784904E-02  0.47240103E-02  0.59781646E-02  0.15029767E+00  0.14954118E-01  0.15354273E+00  0.00000000E+00  0.10063750E+00  0.15631141E+00  0.24945485E-01  0.10089127E-01  0.00000000E+00  0.47315251E-01  0.12531162E-02  0.95556437E-01  0.61812139E+00  0.27595949E-03  0.11813614E+00  0.64581564E-01  0.70737244E-05  0.64398833E-01  0.16250667E-02  0.68655528E+00  0.85503093E+00  0.71709184E+00  0.54118134E-03  0.00000000E+00  0.74453337E-04  0.71716495E-03  0.00000000E+00  0.00000000E+00  0.29059949E-01  0.11174514E+00  0.90955501E+00  0.69318284E+00
  0.84252220E-02  0.34639947E-02  0.52444811E-02  0.55592941E-02  0.13603971E+00  0.17890491E-01  0.17589230E+00  0.00000000E+00  0.97949857E-01  0.15447133E+00  0.19494511E-01  0.88521467E-02  0.00000000E+00  0.36733610E-01  0.23934246E-02  0.11441406E+00  0.46629613E+00  0.00000000E+00  0.22189649E+00  0.25593904E-01  0.00000000E+00  0.46962584E-01  0.95734052E-05  0.73310609E+00  0.87863856E+00  0.64173903E+00  0.00000000E+00  0.00000000E+00  0.00000000E+00  0.00000000E+00  0.00000000E+00  0.00000000E+00  0.58335591E+00  0.12033018E+00  0.11100877E+01  0.41949072E-02
  0.48672354E-02  0.53343781E-02  0.47570307E-02  0.57262852E-02  0.14799641E+00  0.14916016E-01  0.15136229E+00  0.00000000E+00  0.10070046E+00  0.15344156E+00  0.24228401E-01  0.96342372E-02  0.00000000E+00  0.46332994E-01  0.12613806E-02  0.96746026E-01  0.61126154E+00  0.60494946E-04  0.12159217E+00  0.63369931E-01  0.73212233E-05  0.64591597E-01  0.12751738E-02  0.68667749E+00  0.85289270E+00  0.71211395E+00  0.55264146E-03  0.14453772E-06  0.50242058E-04  0.10043976E-04  0.00000000E+00  0.00000000E+00  0.52240281E-01  0.10866390E+00  0.91803086E+00  0.70924603E+00
  0.54172416E-02  0.57534939E-02  0.26738695E-02  0.94787465E-02  0.27489631E+00  0.28898947E-01  0.27937228E+00  0.00000000E+00  0.29152870E-01  0.28998916E+00  0.42908947E-01  0.17859490E-01  0.00000000E+00  0.69598912E-01  0.14083263E-02  0.96132390E-01  0.37153807E+00  0.00000000E+00  0.18891366E+00  0.37319464E-01  0.00000000E+00  0.35809408E-01  0.15792508E-02  0.76018099E+00  0.91801492E+00  0.77741237E+00  0.63000518E-03  0.00000000E+00  0.00000000E+00  0.00000000E+00  0.00000000E+00  0.00000000E+00  0.60105025E-01  0.28809798E+00  0.88236831E+00  0.47118311E-01
  0.49769912E-02  0.54337381E-02  0.34563725E-02  0.57421130E-02  0.27281744E+00  0.27311582E-01  0.28407953E+00  0.00000000E+00  0.30462266E-01  0.28819601E+00  0.45698451E-01  0.18243911E-01  0.00000000E+00  0.69052049E-01  0.12407974E-02  0.88852737E-01  0.43200249E+00  0.13832910E-03  0.84183481E-01  0.32428709E-01  0.16073347E-04  0.32395685E-01  0.15284054E-02  0.76733877E+00  0.94466857E+00  0.78713905E+00  0.56433819E-03  0.31145536E-05  0.31292348E-04  0.78212884E-05  0.00000000E+00  0.00000000E+00  0.62542266E-01  0.43498890E+00  0.87985571E+00  0.55359278E-01
  0.49241792E-02  0.54449809E-02  0.38689020E-02  0.72233520E-02  0.25489448E+00  0.25498745E-01  0.26662310E+00  0.00000000E+00  0.76177843E-01  0.27060197E+00  0.42996890E-01  0.17215311E-01  0.00000000E+00  0.64863664E-01  0.12829220E-02  0.98869819E-01  0.76913748E+00  0.26031245E-03  0.14996927E+00  0.40239278E-01  0.11202932E-04  0.40278426E-01  0.15024042E-02  0.77101966E+00  0.92579531E+00  0.77126577E+00  0.56704101E-03  0.22733527E-05  0.23567581E-04  0.65880152E-03  0.00000000E+00  0.00000000E+00  0.84955195E-01  0.11200884E+01  0.10339960E+01  0.81470496E+00
  0.49363491E-02  0.54512500E-02  0.37739521E-02  0.65728907E-02  0.26007599E+00  0.25987321E-01  0.27165283E+00  0.00000000E+00  0.67838241E-01  0.27558445E+00  0.43773622E-01  0.17418896E-01  0.00000000E+00  0.66224869E-01  0.12530422E-02  0.97336503E-01  0.80378169E+00  0.36021392E-03  0.15654007E+00  0.40425558E-01  0.10156911E-04  0.41208941E-01  0.15166255E-02  0.76832785E+00  0.92111109E+00  0.76721153E+00  0.56123121E-03  0.18332082E-05  0.27126663E-04  0.78385329E-03  0.00000000E+00  0.00000000E+00  0.55215990E-01  0.32093323E+00  0.90425156E+00  0.87760050E+00
  0.48611441E-02  0.53851230E-02  0.47245993E-02  0.39041223E-02  0.52593033E-01  0.51533569E-02  0.51340820E-01  0.00000000E+00  0.13362833E+00  0.50811551E-01  0.82221677E-02  0.32605611E-02  0.00000000E+00  0.11109237E-01  0.17816024E-02  0.13335124E+00  0.45088702E-01  0.24019319E-05  0.87525271E-02  0.68080670E-02  0.00000000E+00  0.65541906E-02  0.93792709E-03  0.67273657E+00  0.61538452E+00  0.51471366E+00  0.52764299E-02  0.00000000E+00  0.17571819E-04  0.49422255E-02  0.00000000E+00  0.00000000E+00  0.21500206E-01  0.64661209E-01  0.57808667E+00  0.67122658E-01
  0.00000000E+00  0.00000000E+00  0.32539086E-02  0.00000000E+00  0.18872998E+00  0.00000000E+00  0.23348686E+00  0.00000000E+00  0.10327709E+00  0.32424187E+00  0.00000000E+00  0.00000000E+00  0.00000000E+00  0.21943765E-01  0.00000000E+00  0.96998559E-01  0.00000000E+00  0.00000000E+00  0.00000000E+00  0.00000000E+00  0.00000000E+00  0.17295458E-01  0.00000000E+00  0.87045572E+00  0.90408063E+00  0.57153820E+00  0.00000000E+00  0.00000000E+00  0.00000000E+00  0.00000000E+00  0.00000000E+00  0.00000000E+00  0.00000000E+00  0.00000000E+00  0.71906804E+00  0.13429416E-01
  0.22371657E-02  0.90787729E-02  0.35293226E-02  0.00000000E+00  0.20126892E+00  0.25244846E-01  0.21609932E+00  0.00000000E+00  0.97498547E-01  0.25684270E+00  0.23761925E-01  0.35809466E-02  0.00000000E+00  0.76921156E-01  0.00000000E+00  0.86789416E-01  0.18929397E+00  0.00000000E+00  0.43907496E-02  0.00000000E+00  0.00000000E+00  0.11808355E+00  0.00000000E+00  0.80801870E+00  0.10618010E+01  0.77630438E+00  0.00000000E+00  0.00000000E+00  0.00000000E+00  0.00000000E+00  0.00000000E+00  0.00000000E+00  0.92119675E+00  0.55492840E-01  0.95369148E+00  0.40780759E-02
  0.49267335E-02  0.54567796E-02  0.49296600E-02  0.21719531E-02  0.27160220E-01  0.26834211E-02  0.27581986E-01  0.00000000E+00  0.13645825E+00  0.27588919E-01  0.43478332E-02  0.17033717E-02  0.00000000E+00  0.60334276E-02  0.17382360E-02  0.13573262E+00  0.11462502E+01  0.00000000E+00  0.21762485E+00  0.13974272E-01  0.00000000E+00  0.21186494E+00  0.00000000E+00  0.69632136E+00  0.11232421E+01  0.10782249E+01  0.53973801E-02  0.00000000E+00  0.00000000E+00  0.50000197E-02  0.00000000E+00  0.00000000E+00  0.22415573E+00  0.20413567E+01  0.29563993E+01  0.38059756E+01
  0.00000000E+00  0.00000000E+00  0.00000000E+00  0.00000000E+00  0.00000000E+00  0.00000000E+00  0.00000000E+00  0.00000000E+00  0.00000000E+00  0.00000000E+00  0.00000000E+00  0.00000000E+00  0.00000000E+00  0.00000000E+00  0.00000000E+00  0.00000000E+00  0.00000000E+00  0.00000000E+00  0.00000000E+00  0.00000000E+00  0.00000000E+00  0.00000000E+00  0.00000000E+00  0.00000000E+00  0.00000000E+00  0.00000000E+00  0.00000000E+00  0.00000000E+00  0.00000000E+00  0.00000000E+00  0.00000000E+00  0.00000000E+00  0.00000000E+00  0.00000000E+00  0.00000000E+00  0.00000000E+00
  0.00000000E+00  0.00000000E+00  0.00000000E+00  0.00000000E+00  0.00000000E+00  0.00000000E+00  0.00000000E+00  0.00000000E+00  0.00000000E+00  0.00000000E+00  0.00000000E+00  0.00000000E+00  0.00000000E+00  0.00000000E+00  0.00000000E+00  0.00000000E+00  0.00000000E+00  0.00000000E+00  0.00000000E+00  0.00000000E+00  0.00000000E+00  0.00000000E+00  0.00000000E+00  0.00000000E+00  0.00000000E+00  0.00000000E+00  0.00000000E+00  0.00000000E+00  0.00000000E+00  0.00000000E+00  0.00000000E+00  0.00000000E+00  0.00000000E+00  0.00000000E+00  0.00000000E+00  0.00000000E+00
  0.48871575E-02  0.53777582E-02  0.47869655E-02  0.63838131E-02  0.13172504E+00  0.13126041E-01  0.13359033E+00  0.00000000E+00  0.10269254E+00  0.13475986E+00  0.21348185E-01  0.86425979E-02  0.00000000E+00  0.38576296E-01  0.12719345E-02  0.96980680E-01  0.36050974E+00  0.12800229E-03  0.70868849E-01  0.24816657E-01  0.13888808E-04  0.25129661E-01  0.13843388E-02  0.70402042E+00  0.83044806E+00  0.69402762E+00  0.54091154E-03  0.24085701E-04  0.18845617E-04  0.36090964E-03  0.00000000E+00  0.00000000E+00  0.13902080E+00  0.76115405E+00  0.91032065E+00  0.64758076E+00
  0.48879804E-02  0.53914296E-02  0.48710719E-02  0.73541717E-02  0.11298274E+00  0.11318496E-01  0.11051387E+00  0.00000000E+00  0.10494806E+00  0.10961415E+00  0.17334262E-01  0.69241433E-02  0.00000000E+00  0.27006535E-01  0.12933936E-02  0.98819412E-01  0.74596110E+00  0.25388738E-03  0.14766105E+00  0.47356003E-01  0.41034100E-04  0.45676822E-01  0.12142963E-02  0.63725428E+00  0.83923319E+00  0.69628423E+00  0.54707925E-03  0.00000000E+00  0.15384104E-04  0.40445964E-03  0.00000000E+00  0.00000000E+00  0.13249485E+00  0.19360634E+01  0.11958337E+01  0.56391931E+00
  0.48917061E-02  0.53973016E-02  0.42158824E-02  0.72965935E-02  0.23538499E+00  0.23442439E-01  0.24698918E+00  0.00000000E+00  0.89250439E-01  0.25131084E+00  0.39826191E-01  0.15946531E-01  0.00000000E+00  0.60292171E-01  0.12853012E-02  0.99171062E-01  0.78561773E+00  0.25006279E-03  0.15382524E+00  0.44203015E-01  0.10515517E-04  0.44166302E-01  0.15322938E-02  0.76646657E+00  0.92901378E+00  0.77421993E+00  0.57125882E-03  0.23461753E-05  0.25979342E-04  0.15770320E-02  0.00000000E+00  0.00000000E+00  0.10355146E+00  0.13292605E+01  0.92838984E+00  0.13416046E+01
  0.48467342E-02  0.54035636E-02  0.48962255E-02  0.71881991E-02  0.11535978E+00  0.11614156E-01  0.11265424E+00  0.00000000E+00  0.10399978E+00  0.11205170E+00  0.17781132E-01  0.71429230E-02  0.00000000E+00  0.26071891E-01  0.12971405E-02  0.99663837E-01  0.12635668E+01  0.41850968E-03  0.24266608E+00  0.11431116E+00  0.21020992E-04  0.11545796E+00  0.15823192E-02  0.71244237E+00  0.13683673E+01  0.11432931E+01  0.54288847E-03  0.00000000E+00  0.20002579E-05  0.28610304E-02  0.00000000E+00  0.00000000E+00  0.42528465E+00  0.24501259E+01  0.57635496E+00  0.26776533E+01
