  0.52850000E-04  0.57930000E-04  0.28393333E-04  0.42465000E-04  0.70302167E-03  0.70895000E-04  0.69807833E-03  0.00000000E+00  0.12582033E-02  0.69842000E-03  0.11052667E-03  0.44046667E-04  0.00000000E+00  0.15510500E-03  0.15826667E-04  0.12126183E-02  0.13992500E-03  0.45000000E-07  0.28058333E-04  0.27045000E-04  0.13333333E-07  0.27040000E-04  0.12000000E-06  0.64468333E-04  0.10862167E-03  0.90560000E-04  0.28973333E-04  0.00000000E+00  0.66666667E-08  0.23985000E-04  0.00000000E+00  0.00000000E+00  0.30780000E-04  0.87795000E-04  0.11551333E-03  0.65651667E-04
  0.58666667E-04  0.64576667E-04  0.31776667E-04  0.47135000E-04  0.77709000E-03  0.77333333E-04  0.77419833E-03  0.00000000E+00  0.13917467E-02  0.77311500E-03  0.12255333E-03  0.49223333E-04  0.00000000E+00  0.17044333E-03  0.17826667E-04  0.13436483E-02  0.15500667E-03  0.53333333E-07  0.31338333E-04  0.29926667E-04  0.13333333E-07  0.29961667E-04  0.13166667E-06  0.70950000E-04  0.12003167E-03  0.99886667E-04  0.31920000E-04  0.16666667E-08  0.66666667E-08  0.26480000E-04  0.00000000E+00  0.00000000E+00  0.34428333E-04  0.96696667E-04  0.12919833E-03  0.31758333E-04
  0.28756667E-04  0.31870000E-04  0.28491667E-04  0.35868333E-04  0.57701333E-03  0.57380000E-04  0.56928000E-03  0.00000000E+00  0.60875000E-03  0.57044500E-03  0.89565000E-04  0.35781667E-04  0.00000000E+00  0.12469667E-03  0.76383333E-05  0.57207000E-03  0.14078833E-03  0.51666667E-07  0.28208333E-04  0.26546667E-04  0.10000000E-07  0.26751667E-04  0.70000000E-07  0.44336667E-04  0.84395000E-04  0.70485000E-04  0.29016667E-05  0.00000000E+00  0.50000000E-08  0.26666667E-07  0.00000000E+00  0.00000000E+00  0.29663333E-04  0.87050000E-04  0.93258333E-04  0.28528333E-04
  0.43193333E-04  0.47038333E-04  0.35831667E-04  0.57686667E-04  0.69545500E-03  0.69850000E-04  0.68294667E-03  0.00000000E+00  0.98349167E-03  0.67690667E-03  0.10792000E-03  0.42786667E-04  0.00000000E+00  0.14989500E-03  0.12393333E-04  0.94313167E-03  0.17376333E-03  0.60000000E-07  0.34830000E-04  0.28301667E-04  0.50000000E-08  0.28335000E-04  0.00000000E+00  0.51500000E-06  0.40655000E-04  0.34003333E-04  0.11460000E-04  0.00000000E+00  0.33333333E-08  0.71383333E-05  0.00000000E+00  0.00000000E+00  0.29035000E-04  0.98205000E-04  0.54543333E-04  0.35040000E-04
  0.70772167E-03  0.78053333E-03  0.57755333E-03  0.69727500E-03  0.13940050E-01  0.13914667E-02  0.13688328E-01  0.00000000E+00  0.15078423E-01  0.13545930E-01  0.21452950E-02  0.86013500E-03  0.00000000E+00  0.29551733E-02  0.18757500E-03  0.14254373E-01  0.28499250E-02  0.10183333E-05  0.56958833E-03  0.59618833E-03  0.17166667E-06  0.59601333E-03  0.64516667E-05  0.32694467E-02  0.45374867E-02  0.37758067E-02  0.19441667E-03  0.13333333E-07  0.93333333E-07  0.12472333E-03  0.00000000E+00  0.00000000E+00  0.74056667E-03  0.19003450E-02  0.45519050E-02  0.57919500E-03
  0.70240000E-04  0.77570000E-04  0.58163333E-04  0.69476667E-04  0.13961417E-02  0.14000500E-03  0.13667433E-02  0.00000000E+00  0.15132333E-02  0.13549633E-02  0.21475333E-03  0.86708333E-04  0.00000000E+00  0.29395833E-03  0.18656667E-04  0.14244017E-02  0.28393167E-03  0.93333333E-07  0.56738333E-04  0.59276667E-04  0.16666667E-07  0.59688333E-04  0.67500000E-06  0.32800167E-03  0.45213500E-03  0.37867167E-03  0.19253333E-04  0.16666667E-08  0.10000000E-07  0.12698333E-04  0.00000000E+00  0.00000000E+00  0.73751667E-04  0.18990167E-03  0.45536667E-03  0.58143333E-04
  0.70401167E-03  0.77440333E-03  0.57179833E-03  0.68315333E-03  0.13690287E-01  0.13705300E-02  0.13590755E-01  0.00000000E+00  0.15007100E-01  0.13497220E-01  0.21400150E-02  0.85614833E-03  0.00000000E+00  0.29470750E-02  0.18600833E-03  0.14186505E-01  0.28180533E-02  0.91666667E-06  0.56326833E-03  0.60316667E-03  0.20500000E-06  0.60178000E-03  0.71483333E-05  0.36061483E-02  0.49181650E-02  0.40915867E-02  0.19643000E-03  0.50000000E-08  0.86666667E-07  0.12678333E-03  0.00000000E+00  0.00000000E+00  0.75360833E-03  0.18782683E-02  0.49025767E-02  0.57287167E-03
  0.00000000E+00  0.00000000E+00  0.00000000E+00  0.00000000E+00  0.00000000E+00  0.00000000E+00  0.00000000E+00  0.00000000E+00  0.00000000E+00  0.00000000E+00  0.00000000E+00  0.00000000E+00  0.00000000E+00  0.00000000E+00  0.00000000E+00  0.00000000E+00  0.00000000E+00  0.00000000E+00  0.00000000E+00  0.00000000E+00  0.00000000E+00  0.00000000E+00  0.00000000E+00  0.00000000E+00  0.00000000E+00  0.00000000E+00  0.00000000E+00  0.00000000E+00  0.00000000E+00  0.00000000E+00  0.00000000E+00  0.00000000E+00  0.00000000E+00  0.00000000E+00  0.00000000E+00  0.00000000E+00
  0.12646867E-02  0.13902983E-02  0.60784000E-03  0.98399833E-03  0.15083715E-01  0.15094117E-02  0.15010907E-01  0.00000000E+00  0.31129342E-01  0.14997620E-01  0.23792783E-02  0.95482000E-03  0.00000000E+00  0.33198050E-02  0.39270333E-03  0.29931262E-01  0.29623250E-02  0.10000000E-05  0.59249333E-03  0.53695167E-03  0.16000000E-06  0.53411833E-03  0.50666667E-06  0.26402167E-03  0.99481167E-03  0.82834000E-03  0.77965333E-03  0.00000000E+00  0.25000000E-07  0.66211333E-03  0.00000000E+00  0.00000000E+00  0.58205333E-03  0.18039283E-02  0.12166633E-02  0.60426833E-03
  0.70281000E-03  0.77390167E-03  0.56666500E-03  0.67758167E-03  0.13550632E-01  0.13556917E-02  0.13495532E-01  0.00000000E+00  0.14996938E-01  0.13466063E-01  0.21369900E-02  0.85464333E-03  0.00000000E+00  0.29495383E-02  0.18646333E-03  0.14172733E-01  0.28143717E-02  0.94666667E-06  0.56288667E-03  0.61218500E-03  0.17666667E-06  0.61313167E-03  0.73650000E-05  0.37464433E-02  0.50843833E-02  0.42389133E-02  0.19689000E-03  0.13333333E-07  0.10000000E-06  0.12864000E-03  0.00000000E+00  0.00000000E+00  0.77443500E-03  0.18735100E-02  0.50536333E-02  0.57203333E-03
  0.11233167E-03  0.12263833E-03  0.90076667E-04  0.10774667E-03  0.21490917E-02  0.21502500E-03  0.21389300E-02  0.00000000E+00  0.23809050E-02  0.21241817E-02  0.33747500E-03  0.13458500E-03  0.00000000E+00  0.49159333E-03  0.29306667E-04  0.22425083E-02  0.44576833E-03  0.12166667E-06  0.88691667E-04  0.96285000E-04  0.30000000E-07  0.96940000E-04  0.11650000E-05  0.59491500E-03  0.80515667E-03  0.67425667E-03  0.31196667E-04  0.16666667E-08  0.18333333E-07  0.20508333E-04  0.00000000E+00  0.00000000E+00  0.12290000E-03  0.29828667E-03  0.80183000E-03  0.90401667E-04
  0.44556667E-04  0.49071667E-04  0.36006667E-04  0.43285000E-04  0.85874833E-03  0.86096667E-04  0.85703500E-03  0.00000000E+00  0.96100333E-03  0.84902000E-03  0.13525333E-03  0.53981667E-04  0.00000000E+00  0.18728500E-03  0.11521667E-04  0.89692500E-03  0.17781167E-03  0.66666667E-07  0.36076667E-04  0.39186667E-04  0.11666667E-07  0.39040000E-04  0.44833333E-06  0.23870667E-03  0.32342000E-03  0.27017167E-03  0.12323333E-04  0.16666667E-08  0.66666667E-08  0.80800000E-05  0.00000000E+00  0.00000000E+00  0.49523333E-04  0.11928833E-03  0.32100667E-03  0.36261667E-04
  0.00000000E+00  0.00000000E+00  0.00000000E+00  0.00000000E+00  0.00000000E+00  0.00000000E+00  0.00000000E+00  0.00000000E+00  0.00000000E+00  0.00000000E+00  0.00000000E+00  0.00000000E+00  0.00000000E+00  0.00000000E+00  0.00000000E+00  0.00000000E+00  0.00000000E+00  0.00000000E+00  0.00000000E+00  0.00000000E+00  0.00000000E+00  0.00000000E+00  0.00000000E+00  0.00000000E+00  0.00000000E+00  0.00000000E+00  0.00000000E+00  0.00000000E+00  0.00000000E+00  0.00000000E+00  0.00000000E+00  0.00000000E+00  0.00000000E+00  0.00000000E+00  0.00000000E+00  0.00000000E+00
  0.15513667E-03  0.17114833E-03  0.12540000E-03  0.15032167E-03  0.29554917E-02  0.29481667E-03  0.29490483E-02  0.00000000E+00  0.33295717E-02  0.29598167E-02  0.47040500E-03  0.18836167E-03  0.00000000E+00  0.66099000E-03  0.41553333E-04  0.31403883E-02  0.65250833E-03  0.22333333E-06  0.12960667E-03  0.14632000E-03  0.63333333E-07  0.14651833E-03  0.17200000E-05  0.86870000E-03  0.11721500E-02  0.97861833E-03  0.44471667E-04  0.66666667E-08  0.33333333E-07  0.29056667E-04  0.00000000E+00  0.00000000E+00  0.19100333E-03  0.44098667E-03  0.11628933E-02  0.12725333E-03
  0.15943333E-04  0.17645000E-04  0.75316667E-05  0.12375000E-04  0.18595667E-03  0.18770000E-04  0.18686000E-03  0.00000000E+00  0.39274667E-03  0.18639833E-03  0.29711667E-04  0.11763333E-04  0.00000000E+00  0.45016667E-04  0.50350000E-05  0.38547667E-03  0.36611667E-04  0.83333333E-08  0.71100000E-05  0.63833333E-05  0.33333333E-08  0.64416667E-05  0.00000000E+00  0.15666667E-06  0.84483333E-05  0.72066667E-05  0.98733333E-05  0.00000000E+00  0.00000000E+00  0.87950000E-05  0.00000000E+00  0.00000000E+00  0.70433333E-05  0.21896667E-04  0.11593333E-04  0.73350000E-05
  0.12202817E-02  0.13421800E-02  0.57193500E-03  0.93896500E-03  0.14249355E-01  0.14230133E-02  0.14190592E-01  0.00000000E+00  0.29919125E-01  0.14177188E-01  0.22501783E-02  0.89823833E-03  0.00000000E+00  0.31389717E-02  0.38835333E-03  0.29434397E-01  0.27571900E-02  0.94666667E-06  0.55110667E-03  0.49125667E-03  0.16833333E-06  0.49108667E-03  0.18333333E-07  0.11336667E-04  0.65124500E-03  0.54267500E-03  0.76447000E-03  0.16666667E-08  0.35000000E-07  0.65535000E-03  0.00000000E+00  0.00000000E+00  0.52220000E-03  0.16521717E-02  0.87825167E-03  0.56807500E-03
  0.73545000E-04  0.80606667E-04  0.72576667E-04  0.82483333E-04  0.15795000E-02  0.15819167E-03  0.15643200E-02  0.00000000E+00  0.15017350E-02  0.15646050E-02  0.24795000E-03  0.99963333E-04  0.00000000E+00  0.36780667E-03  0.18186667E-04  0.13781300E-02  0.64152167E-03  0.23666667E-06  0.12766000E-03  0.93871667E-04  0.50000000E-07  0.93795000E-04  0.62500000E-06  0.34409167E-03  0.50316667E-03  0.42027500E-03  0.74583333E-05  0.00000000E+00  0.66666667E-08  0.73333333E-07  0.00000000E+00  0.00000000E+00  0.22103550E-02  0.76706817E-02  0.56327833E-03  0.11195000E-03
  0.50000000E-07  0.70000000E-07  0.46666667E-07  0.50000000E-07  0.10116667E-05  0.95000000E-07  0.87000000E-06  0.00000000E+00  0.10433333E-05  0.10400000E-05  0.16166667E-06  0.71666667E-07  0.00000000E+00  0.24166667E-06  0.15000000E-07  0.97333333E-06  0.33666667E-06  0.00000000E+00  0.63333333E-07  0.58333333E-07  0.00000000E+00  0.56666667E-07  0.00000000E+00  0.95000000E-07  0.21000000E-06  0.17333333E-06  0.50000000E-08  0.00000000E+00  0.00000000E+00  0.00000000E+00  0.00000000E+00  0.00000000E+00  0.63333333E-07  0.25500000E-06  0.23000000E-06  0.68333333E-07
  0.28958333E-04  0.31853333E-04  0.28931667E-04  0.35683333E-04  0.58653333E-03  0.58491667E-04  0.58023833E-03  0.00000000E+00  0.60986500E-03  0.57788333E-03  0.91515000E-04  0.36568333E-04  0.00000000E+00  0.13432167E-03  0.76716667E-05  0.56782833E-03  0.19756333E-03  0.61666667E-07  0.39343333E-04  0.30863333E-04  0.10000000E-07  0.30195000E-04  0.13166667E-06  0.61920000E-04  0.11746000E-03  0.98078333E-04  0.28666667E-05  0.00000000E+00  0.50000000E-08  0.31666667E-07  0.00000000E+00  0.00000000E+00  0.38103333E-04  0.15139167E-03  0.13224167E-03  0.36511667E-04
  0.15483333E-04  0.17201667E-04  0.15045000E-04  0.14100000E-04  0.37598667E-03  0.37805000E-04  0.38215167E-03  0.00000000E+00  0.29006500E-03  0.39267833E-03  0.62193333E-04  0.25093333E-04  0.00000000E+00  0.10011833E-03  0.34816667E-05  0.25988167E-03  0.95205000E-04  0.31666667E-07  0.19233333E-04  0.29001667E-04  0.10000000E-07  0.28813333E-04  0.53833333E-06  0.27938000E-03  0.34290500E-03  0.28565667E-03  0.15966667E-05  0.00000000E+00  0.83333333E-08  0.18333333E-07  0.00000000E+00  0.00000000E+00  0.44049333E-03  0.13325533E-02  0.33937833E-03  0.20263333E-04
  0.66666667E-08  0.10000000E-07  0.15000000E-07  0.83333333E-08  0.23500000E-06  0.15000000E-07  0.19333333E-06  0.00000000E+00  0.15333333E-06  0.19500000E-06  0.31666667E-07  0.10000000E-07  0.00000000E+00  0.56666667E-07  0.16666667E-08  0.17000000E-06  0.46666667E-07  0.00000000E+00  0.16666667E-07  0.15000000E-07  0.00000000E+00  0.10000000E-07  0.16666667E-08  0.96666667E-07  0.11166667E-06  0.10833333E-06  0.00000000E+00  0.00000000E+00  0.00000000E+00  0.00000000E+00  0.00000000E+00  0.00000000E+00  0.25000000E-07  0.43333333E-07  0.13333333E-06  0.50000000E-08
  0.15633333E-04  0.16750000E-04  0.14735000E-04  0.14525000E-04  0.36658000E-03  0.36381667E-04  0.37324000E-03  0.00000000E+00  0.29029833E-03  0.38175333E-03  0.60861667E-04  0.24250000E-04  0.00000000E+00  0.93450000E-04  0.34733333E-05  0.26321833E-03  0.93985000E-04  0.21666667E-07  0.18911667E-04  0.28090000E-04  0.10000000E-07  0.27343333E-04  0.55500000E-06  0.25196667E-03  0.31408500E-03  0.26243500E-03  0.16083333E-05  0.16666667E-08  0.33333333E-08  0.10000000E-07  0.00000000E+00  0.00000000E+00  0.58950333E-03  0.13246483E-02  0.31336667E-03  0.20038333E-04
  0.12166667E-06  0.12500000E-06  0.10000000E-06  0.16666667E-08  0.65500000E-05  0.67833333E-06  0.72433333E-05  0.00000000E+00  0.48500000E-06  0.73850000E-05  0.11950000E-05  0.41666667E-06  0.00000000E+00  0.17116667E-05  0.16666667E-08  0.38333333E-07  0.60333333E-06  0.00000000E+00  0.11833333E-06  0.50500000E-06  0.00000000E+00  0.58333333E-06  0.20000000E-07  0.18436667E-04  0.22215000E-04  0.18245000E-04  0.11666667E-07  0.00000000E+00  0.00000000E+00  0.00000000E+00  0.00000000E+00  0.00000000E+00  0.10833333E-05  0.72833333E-06  0.20901667E-04  0.13166667E-06
  0.64108333E-04  0.70668333E-04  0.44033333E-04  0.10433333E-05  0.32372883E-02  0.32424167E-03  0.35619317E-02  0.00000000E+00  0.26971833E-03  0.37059517E-02  0.58880167E-03  0.23538167E-03  0.00000000E+00  0.85962000E-03  0.24833333E-06  0.18810000E-04  0.30850333E-03  0.13833333E-06  0.61541667E-04  0.26394000E-03  0.96666667E-07  0.26318000E-03  0.18220000E-04  0.92716050E-02  0.11474932E-01  0.95520200E-02  0.68616667E-05  0.21666667E-07  0.21833333E-06  0.61666667E-07  0.00000000E+00  0.00000000E+00  0.50836667E-03  0.35727167E-03  0.10479062E-01  0.67031667E-04
  0.95986667E-04  0.10578333E-03  0.73385000E-04  0.30120000E-04  0.41350683E-02  0.41315833E-03  0.44974517E-02  0.00000000E+00  0.80231667E-03  0.46559800E-02  0.73862000E-03  0.29604833E-03  0.00000000E+00  0.10734017E-02  0.61783333E-05  0.48508833E-03  0.51822000E-03  0.15833333E-06  0.10367833E-03  0.32722667E-03  0.10333333E-06  0.32806667E-03  0.20993333E-04  0.10542962E-01  0.12661523E-01  0.10550515E-01  0.10093333E-04  0.35000000E-07  0.35333333E-06  0.10333333E-06  0.00000000E+00  0.00000000E+00  0.61549833E-03  0.56453500E-03  0.18296227E-01  0.12971833E-03
  0.79146667E-04  0.86951667E-04  0.58078333E-04  0.16700000E-04  0.35898833E-02  0.35891000E-03  0.39153933E-02  0.00000000E+00  0.56617833E-03  0.40603050E-02  0.64566167E-03  0.25723500E-03  0.00000000E+00  0.93923667E-03  0.39833333E-05  0.28999667E-03  0.42924167E-03  0.13333333E-06  0.85728333E-04  0.28970500E-03  0.91666667E-07  0.28908167E-03  0.18501667E-04  0.94927600E-02  0.11325260E-01  0.94398750E-02  0.82900000E-05  0.18333333E-07  0.19000000E-06  0.73333333E-07  0.00000000E+00  0.00000000E+00  0.98325500E-03  0.19397000E-02  0.10768953E-01  0.10889333E-03
  0.29168333E-04  0.31931667E-04  0.27866667E-05  0.11396667E-04  0.19341000E-03  0.19800000E-04  0.19523667E-03  0.00000000E+00  0.77821333E-03  0.19769167E-03  0.31576667E-04  0.12590000E-04  0.00000000E+00  0.44238333E-04  0.99550000E-05  0.76612667E-03  0.14200000E-04  0.66666667E-08  0.28183333E-05  0.27783333E-05  0.16666667E-08  0.27533333E-05  0.10000000E-07  0.69450000E-05  0.11373333E-04  0.94733333E-05  0.28701667E-04  0.00000000E+00  0.16666667E-08  0.26406667E-04  0.00000000E+00  0.00000000E+00  0.31150000E-05  0.88100000E-05  0.11985000E-04  0.29150000E-05
  0.00000000E+00  0.00000000E+00  0.16666667E-08  0.00000000E+00  0.13333333E-07  0.00000000E+00  0.11666667E-07  0.00000000E+00  0.16666667E-08  0.15000000E-07  0.00000000E+00  0.00000000E+00  0.00000000E+00  0.16666667E-08  0.00000000E+00  0.16666667E-08  0.00000000E+00  0.00000000E+00  0.00000000E+00  0.00000000E+00  0.00000000E+00  0.33333333E-08  0.00000000E+00  0.18333333E-07  0.33333333E-07  0.25000000E-07  0.00000000E+00  0.00000000E+00  0.00000000E+00  0.00000000E+00  0.00000000E+00  0.00000000E+00  0.50000000E-08  0.16666667E-08  0.21666667E-07  0.16666667E-08
  0.16666667E-08  0.16666667E-08  0.16666667E-08  0.00000000E+00  0.12333333E-06  0.50000000E-08  0.11000000E-06  0.00000000E+00  0.56666667E-07  0.10666667E-06  0.30000000E-07  0.66666667E-08  0.00000000E+00  0.23333333E-07  0.00000000E+00  0.41666667E-07  0.20000000E-07  0.00000000E+00  0.33333333E-08  0.00000000E+00  0.00000000E+00  0.50000000E-08  0.00000000E+00  0.21833333E-06  0.25000000E-06  0.20500000E-06  0.00000000E+00  0.00000000E+00  0.00000000E+00  0.00000000E+00  0.00000000E+00  0.00000000E+00  0.10000000E-07  0.10000000E-07  0.25333333E-06  0.66666667E-08
  0.23980000E-04  0.26586667E-04  0.20000000E-07  0.71100000E-05  0.12557667E-03  0.12428333E-04  0.12673500E-03  0.00000000E+00  0.66041500E-03  0.12862000E-03  0.20276667E-04  0.81016667E-05  0.00000000E+00  0.29085000E-04  0.86850000E-05  0.65684167E-03  0.12333333E-06  0.00000000E+00  0.35000000E-07  0.21666667E-07  0.00000000E+00  0.15000000E-07  0.00000000E+00  0.81666667E-07  0.13000000E-06  0.85000000E-07  0.26295000E-04  0.00000000E+00  0.00000000E+00  0.24385000E-04  0.00000000E+00  0.00000000E+00  0.28333333E-07  0.10000000E-06  0.14166667E-06  0.61666667E-07
  0.00000000E+00  0.00000000E+00  0.00000000E+00  0.00000000E+00  0.00000000E+00  0.00000000E+00  0.00000000E+00  0.00000000E+00  0.00000000E+00  0.00000000E+00  0.00000000E+00  0.00000000E+00  0.00000000E+00  0.00000000E+00  0.00000000E+00  0.00000000E+00  0.00000000E+00  0.00000000E+00  0.00000000E+00  0.00000000E+00  0.00000000E+00  0.00000000E+00  0.00000000E+00  0.00000000E+00  0.00000000E+00  0.00000000E+00  0.00000000E+00  0.00000000E+00  0.00000000E+00  0.00000000E+00  0.00000000E+00  0.00000000E+00  0.00000000E+00  0.00000000E+00  0.00000000E+00  0.00000000E+00
  0.00000000E+00  0.00000000E+00  0.00000000E+00  0.00000000E+00  0.00000000E+00  0.00000000E+00  0.00000000E+00  0.00000000E+00  0.00000000E+00  0.00000000E+00  0.00000000E+00  0.00000000E+00  0.00000000E+00  0.00000000E+00  0.00000000E+00  0.00000000E+00  0.00000000E+00  0.00000000E+00  0.00000000E+00  0.00000000E+00  0.00000000E+00  0.00000000E+00  0.00000000E+00  0.00000000E+00  0.00000000E+00  0.00000000E+00  0.00000000E+00  0.00000000E+00  0.00000000E+00  0.00000000E+00  0.00000000E+00  0.00000000E+00  0.00000000E+00  0.00000000E+00  0.00000000E+00  0.00000000E+00
  0.54076667E-04  0.60111667E-04  0.53443333E-04  0.57276667E-04  0.11942967E-02  0.11997833E-03  0.12039233E-02  0.00000000E+00  0.10731850E-02  0.12244150E-02  0.19552333E-03  0.77788333E-04  0.00000000E+00  0.29113667E-03  0.12918333E-04  0.97927667E-03  0.29638000E-03  0.81666667E-07  0.59690000E-04  0.25306333E-03  0.76666667E-07  0.25144833E-03  0.10283333E-05  0.53539667E-03  0.70854167E-03  0.59055000E-03  0.52700000E-05  0.16666667E-08  0.18333333E-07  0.53333333E-07  0.00000000E+00  0.00000000E+00  0.11357500E-03  0.22524167E-03  0.70610167E-03  0.66068333E-04
  0.16967167E-03  0.18691833E-03  0.16848500E-03  0.20854333E-03  0.34226633E-02  0.34294667E-03  0.33823467E-02  0.00000000E+00  0.35550233E-02  0.33742933E-02  0.53631333E-03  0.21449500E-03  0.00000000E+00  0.78083500E-03  0.43643333E-04  0.33064450E-02  0.16898283E-02  0.60666667E-06  0.33765500E-03  0.17947167E-03  0.81666667E-07  0.18024167E-03  0.73166667E-06  0.36637833E-03  0.70333667E-03  0.58513500E-03  0.17061667E-04  0.00000000E+00  0.20000000E-07  0.16166667E-06  0.00000000E+00  0.00000000E+00  0.22632833E-03  0.89361333E-03  0.79938500E-03  0.22703167E-03
  0.13605667E-03  0.14888500E-03  0.11162833E-03  0.73655000E-04  0.50670167E-02  0.50851500E-03  0.54492083E-02  0.00000000E+00  0.15531933E-02  0.56117183E-02  0.88972500E-03  0.35637667E-03  0.00000000E+00  0.12901183E-02  0.15638333E-04  0.11746133E-02  0.75017333E-03  0.27833333E-06  0.14960333E-03  0.38443833E-03  0.12833333E-06  0.38536833E-03  0.22351667E-04  0.11272190E-01  0.14464288E-01  0.12046938E-01  0.14096667E-04  0.30000000E-07  0.21166667E-06  0.15666667E-06  0.00000000E+00  0.00000000E+00  0.70256000E-03  0.75344500E-03  0.12967612E-01  0.21095500E-03
  0.19800000E-04  0.21866667E-04  0.19910000E-04  0.24390000E-04  0.40945000E-03  0.41453333E-04  0.40628333E-03  0.00000000E+00  0.41664167E-03  0.40435500E-03  0.64523333E-04  0.25605000E-04  0.00000000E+00  0.89645000E-04  0.51866667E-05  0.39215833E-03  0.13478167E-03  0.48333333E-07  0.27023333E-04  0.24306667E-04  0.66666667E-08  0.23931667E-04  0.10833333E-06  0.62230000E-04  0.12767500E-03  0.10644000E-03  0.19650000E-05  0.16666667E-08  0.23333333E-07  0.51666667E-07  0.00000000E+00  0.00000000E+00  0.36581667E-04  0.12834667E-03  0.13636717E-02  0.55776667E-04
