  0.93000000E+01  0.10230000E+02  0.92564030E+01  0.12425211E+02  0.18331139E+03  0.18324585E+02  0.17928540E+03  0.00000000E+00  0.22952248E+03  0.17785548E+03  0.28167472E+02  0.11297262E+02  0.00000000E+00  0.39416245E+02  0.29601376E+01  0.22474917E+03  0.64656780E+02  0.12466667E-01  0.12602317E+02  0.13484933E+02  0.24750000E-02  0.13128698E+02  0.25749625E+01  0.13532859E+04  0.11492127E+04  0.95957652E+03  0.93245050E+01  0.00000000E+00  0.34650000E-01  0.94018452E+01  0.00000000E+00  0.00000000E+00  0.27419266E+02  0.79993211E+02  0.97757936E+03  0.20057993E+02
  0.93000000E+01  0.10230000E+02  0.92616904E+01  0.12379747E+02  0.18315992E+03  0.18300636E+02  0.17944888E+03  0.00000000E+00  0.22936962E+03  0.17826765E+03  0.28132215E+02  0.11216129E+02  0.00000000E+00  0.39391548E+02  0.29552584E+01  0.22446364E+03  0.63378564E+02  0.13303125E-01  0.12368558E+02  0.13289151E+02  0.37125000E-02  0.13644101E+02  0.26519468E+01  0.13544913E+04  0.11477913E+04  0.95769372E+03  0.92783258E+01  0.44000000E-02  0.10890000E+00  0.93995995E+01  0.00000000E+00  0.00000000E+00  0.29167691E+02  0.78037871E+02  0.98846066E+03  0.24670701E+02
  0.93000000E+01  0.10230000E+02  0.92555659E+01  0.14130232E+02  0.20795783E+03  0.20839409E+02  0.20322724E+03  0.00000000E+00  0.19898131E+03  0.20155245E+03  0.31860574E+02  0.12741931E+02  0.00000000E+00  0.44520436E+02  0.24828394E+01  0.18883718E+03  0.53152131E+02  0.13732258E-01  0.11305524E+02  0.12203039E+02  0.16500000E-02  0.12195502E+02  0.27852000E+01  0.13224538E+04  0.98625629E+03  0.82602800E+03  0.10449930E+01  0.00000000E+00  0.29700000E-01  0.74250000E-02  0.00000000E+00  0.00000000E+00  0.23587538E+02  0.53324021E+02  0.82238163E+03  0.95802185E+01
  0.93000000E+01  0.10230000E+02  0.92900897E+01  0.16287623E+02  0.17437923E+03  0.17372283E+02  0.16846237E+03  0.00000000E+00  0.21485842E+03  0.16686991E+03  0.26378861E+02  0.10569514E+02  0.00000000E+00  0.36591681E+02  0.27139117E+01  0.20679140E+03  0.46760728E+02  0.12925000E-01  0.91774332E+01  0.79288617E+01  0.33000000E-02  0.79865890E+01  0.00000000E+00  0.48996764E+02  0.14477924E+02  0.12258602E+02  0.73319060E+01  0.00000000E+00  0.00000000E+00  0.92906588E+01  0.00000000E+00  0.00000000E+00  0.11406062E+02  0.39868703E+02  0.22943776E+02  0.13719521E+02
  0.93000000E+01  0.10230000E+02  0.92189397E+01  0.12414195E+02  0.24671795E+03  0.24696829E+02  0.23919496E+03  0.00000000E+00  0.20798139E+03  0.23411101E+03  0.37055141E+02  0.14821636E+02  0.00000000E+00  0.50558662E+02  0.26367759E+01  0.20063530E+03  0.52847163E+02  0.15765466E-01  0.10540068E+02  0.13308714E+02  0.49980583E-02  0.13211030E+02  0.27709412E+01  0.13992132E+04  0.14398559E+04  0.11996574E+04  0.74238454E+01  0.67375000E-02  0.37655357E-01  0.93425932E+01  0.00000000E+00  0.00000000E+00  0.27588144E+02  0.55696507E+02  0.12970358E+04  0.12866838E+02
  0.93000000E+01  0.10230000E+02  0.92189127E+01  0.12414724E+02  0.24671419E+03  0.24567351E+02  0.23936775E+03  0.00000000E+00  0.20804965E+03  0.23411877E+03  0.37049527E+02  0.14858466E+02  0.00000000E+00  0.50637653E+02  0.26337051E+01  0.20063349E+03  0.52741211E+02  0.13082143E-01  0.10791646E+02  0.13338301E+02  0.59400000E-02  0.13172591E+02  0.27220600E+01  0.13990652E+04  0.14404384E+04  0.11993856E+04  0.73402330E+01  0.00000000E+00  0.36300000E-01  0.93462510E+01  0.00000000E+00  0.00000000E+00  0.27792863E+02  0.54341445E+02  0.12964556E+04  0.14597283E+02
  0.93000000E+01  0.10230000E+02  0.92074019E+01  0.12334692E+02  0.24375718E+03  0.24383737E+02  0.24014922E+03  0.00000000E+00  0.20843068E+03  0.23691298E+03  0.37497818E+02  0.15028703E+02  0.00000000E+00  0.51429686E+02  0.26417416E+01  0.20122535E+03  0.52790112E+02  0.15390000E-01  0.10498939E+02  0.13770986E+02  0.52317073E-02  0.13799894E+02  0.27318022E+01  0.13758287E+04  0.14367293E+04  0.11967898E+04  0.74977927E+01  0.47666667E-02  0.40171154E-01  0.93525986E+01  0.00000000E+00  0.00000000E+00  0.29064461E+02  0.55008355E+02  0.13007454E+04  0.12724540E+02
  0.00000000E+00  0.00000000E+00  0.00000000E+00  0.00000000E+00  0.00000000E+00  0.00000000E+00  0.00000000E+00  0.00000000E+00  0.00000000E+00  0.00000000E+00  0.00000000E+00  0.00000000E+00  0.00000000E+00  0.00000000E+00  0.00000000E+00  0.00000000E+00  0.00000000E+00  0.00000000E+00  0.00000000E+00  0.00000000E+00  0.00000000E+00  0.00000000E+00  0.00000000E+00  0.00000000E+00  0.00000000E+00  0.00000000E+00  0.00000000E+00  0.00000000E+00  0.00000000E+00  0.00000000E+00  0.00000000E+00  0.00000000E+00  0.00000000E+00  0.00000000E+00  0.00000000E+00  0.00000000E+00
  0.93000000E+01  0.10230000E+02  0.92771132E+01  0.12457003E+02  0.16032067E+03  0.16025195E+02  0.15588285E+03  0.00000000E+00  0.23535103E+03  0.15441289E+03  0.24413973E+02  0.97562188E+01  0.00000000E+00  0.34234010E+02  0.29801155E+01  0.22659600E+03  0.68583022E+02  0.23826000E-01  0.13696137E+02  0.11234810E+02  0.34031250E-02  0.11171775E+02  0.25455375E+01  0.12919334E+04  0.51025176E+03  0.42604828E+03  0.94670431E+01  0.00000000E+00  0.00000000E+00  0.94051899E+01  0.00000000E+00  0.00000000E+00  0.22691976E+02  0.88123714E+02  0.40081953E+03  0.27151219E+02
  0.93000000E+01  0.10230000E+02  0.92039384E+01  0.12307333E+02  0.24127638E+03  0.24118429E+02  0.23886866E+03  0.00000000E+00  0.20868227E+03  0.23735648E+03  0.37570573E+02  0.15035319E+02  0.00000000E+00  0.52631977E+02  0.26494781E+01  0.20156062E+03  0.55745249E+02  0.15878345E-01  0.11144250E+02  0.17007931E+02  0.59773585E-02  0.16976288E+02  0.26925043E+01  0.13632092E+04  0.14320881E+04  0.11933581E+04  0.75170225E+01  0.44000000E-02  0.38115000E-01  0.93625244E+01  0.00000000E+00  0.00000000E+00  0.38594963E+02  0.60821085E+02  0.12999996E+04  0.13041953E+02
  0.93000000E+01  0.10230000E+02  0.92053049E+01  0.12308743E+02  0.24131529E+03  0.24165229E+02  0.23886171E+03  0.00000000E+00  0.20864381E+03  0.23679097E+03  0.37458478E+02  0.15069941E+02  0.00000000E+00  0.53845096E+02  0.26518160E+01  0.20155067E+03  0.56233021E+02  0.16138356E-01  0.11389345E+02  0.17256582E+02  0.44000000E-02  0.16907881E+02  0.26730425E+01  0.13630818E+04  0.14332660E+04  0.11943666E+04  0.74584494E+01  0.33000000E-02  0.40500000E-01  0.93569329E+01  0.00000000E+00  0.00000000E+00  0.38103662E+02  0.59019266E+02  0.13003429E+04  0.13583673E+02
  0.93000000E+01  0.10230000E+02  0.91971518E+01  0.12340662E+02  0.24117765E+03  0.24101185E+02  0.23876976E+03  0.00000000E+00  0.21066873E+03  0.23700970E+03  0.37561669E+02  0.14928210E+02  0.00000000E+00  0.52684233E+02  0.26551130E+01  0.20151858E+03  0.55622616E+02  0.15345000E-01  0.11052019E+02  0.16958574E+02  0.42428571E-02  0.17289959E+02  0.26696141E+01  0.13646405E+04  0.14336915E+04  0.11919906E+04  0.75072086E+01  0.33000000E-02  0.47025000E-01  0.93406970E+01  0.00000000E+00  0.00000000E+00  0.37998553E+02  0.58133313E+02  0.13012532E+04  0.15595937E+02
  0.00000000E+00  0.00000000E+00  0.00000000E+00  0.00000000E+00  0.00000000E+00  0.00000000E+00  0.00000000E+00  0.00000000E+00  0.00000000E+00  0.00000000E+00  0.00000000E+00  0.00000000E+00  0.00000000E+00  0.00000000E+00  0.00000000E+00  0.00000000E+00  0.00000000E+00  0.00000000E+00  0.00000000E+00  0.00000000E+00  0.00000000E+00  0.00000000E+00  0.00000000E+00  0.00000000E+00  0.00000000E+00  0.00000000E+00  0.00000000E+00  0.00000000E+00  0.00000000E+00  0.00000000E+00  0.00000000E+00  0.00000000E+00  0.00000000E+00  0.00000000E+00  0.00000000E+00  0.00000000E+00
  0.93000000E+01  0.10230000E+02  0.91927967E+01  0.12311342E+02  0.23765559E+03  0.23731655E+02  0.23621428E+03  0.00000000E+00  0.20918275E+03  0.23642291E+03  0.37403855E+02  0.14972403E+02  0.00000000E+00  0.56177179E+02  0.26630195E+01  0.20240874E+03  0.15335819E+03  0.18544030E-01  0.30043825E+02  0.29496651E+02  0.91184211E-02  0.29601756E+02  0.26835140E+01  0.13497304E+04  0.14287466E+04  0.11906922E+04  0.75290971E+01  0.38500000E-02  0.43065000E-01  0.93573966E+01  0.00000000E+00  0.00000000E+00  0.73036998E+02  0.23313518E+03  0.13065794E+04  0.30515994E+02
  0.93000000E+01  0.10230000E+02  0.92710970E+01  0.12460160E+02  0.15627707E+03  0.15692073E+02  0.15129866E+03  0.00000000E+00  0.23306505E+03  0.15005133E+03  0.23680131E+02  0.95185605E+01  0.00000000E+00  0.33875824E+02  0.30969229E+01  0.23706949E+03  0.44804024E+02  0.13860000E-01  0.88340366E+01  0.80835509E+01  0.00000000E+00  0.88796895E+01  0.00000000E+00  0.34744681E+03  0.20264352E+02  0.14523589E+02  0.94799285E+01  0.00000000E+00  0.00000000E+00  0.94161795E+01  0.00000000E+00  0.00000000E+00  0.12524610E+02  0.38425255E+02  0.40374928E+02  0.21304885E+02
  0.93000000E+01  0.10230000E+02  0.92819845E+01  0.12450530E+02  0.15600469E+03  0.15613816E+02  0.15130555E+03  0.00000000E+00  0.23295520E+03  0.14974385E+03  0.23680519E+02  0.94726090E+01  0.00000000E+00  0.32766832E+02  0.31166815E+01  0.23712584E+03  0.45091796E+02  0.19399120E-01  0.90680812E+01  0.85016658E+01  0.25485149E-02  0.84477960E+01  0.21150000E+00  0.16133784E+03  0.18604212E+02  0.15741312E+02  0.94912498E+01  0.77000000E-02  0.51385714E-01  0.94064147E+01  0.00000000E+00  0.00000000E+00  0.13169648E+02  0.39056044E+02  0.32269942E+02  0.22338176E+02
  0.93000000E+01  0.10230000E+02  0.92276005E+01  0.12621890E+02  0.23668231E+03  0.23715132E+02  0.23229948E+03  0.00000000E+00  0.19618638E+03  0.22988987E+03  0.36499355E+02  0.14627925E+02  0.00000000E+00  0.60165621E+02  0.24193252E+01  0.18412294E+03  0.30936938E+04  0.90536197E+00  0.61483221E+03  0.11248815E+03  0.14190000E-01  0.11548323E+03  0.20335656E+01  0.10626904E+04  0.16354539E+04  0.13669625E+04  0.10438538E+01  0.00000000E+00  0.19800000E-01  0.80887500E+00  0.00000000E+00  0.00000000E+00  0.38303614E+02  0.43077540E+03  0.21217725E+04  0.10605319E+04
  0.93000000E+01  0.10230000E+02  0.92169000E+01  0.14624633E+02  0.21339127E+03  0.21755263E+02  0.21426598E+03  0.00000000E+00  0.19871565E+03  0.21560639E+03  0.34612371E+02  0.13211163E+02  0.00000000E+00  0.51862069E+02  0.23874556E+01  0.18703425E+03  0.19880198E+04  0.00000000E+00  0.39900000E+03  0.46285714E+02  0.00000000E+00  0.10941176E+03  0.00000000E+00  0.11667544E+04  0.11633333E+04  0.11774038E+04  0.10098000E+01  0.00000000E+00  0.00000000E+00  0.00000000E+00  0.00000000E+00  0.00000000E+00  0.97657895E+02  0.37150471E+04  0.17340870E+04  0.61762927E+03
  0.93000000E+01  0.10230000E+02  0.92589569E+01  0.14090865E+02  0.21399875E+03  0.21353996E+02  0.20899045E+03  0.00000000E+00  0.19912149E+03  0.20706024E+03  0.32704163E+02  0.13082769E+02  0.00000000E+00  0.51157470E+02  0.24715029E+01  0.18768784E+03  0.20009128E+04  0.76551081E+00  0.40788461E+03  0.71832811E+02  0.82500000E-02  0.74129823E+02  0.23488063E+01  0.11878250E+04  0.14268875E+04  0.11819838E+04  0.10407317E+01  0.00000000E+00  0.39600000E-01  0.34181053E+00  0.00000000E+00  0.00000000E+00  0.18422286E+03  0.35317879E+04  0.18234223E+04  0.66470784E+03
  0.93000000E+01  0.10230000E+02  0.90301808E+01  0.11162763E+02  0.28484139E+03  0.28491524E+02  0.29189682E+03  0.00000000E+00  0.19076897E+03  0.29748956E+03  0.47212177E+02  0.18823682E+02  0.00000000E+00  0.90347555E+02  0.23806221E+01  0.18141559E+03  0.11766451E+04  0.45800526E+00  0.23519688E+03  0.12633067E+03  0.24750000E-01  0.12338559E+03  0.25914706E+01  0.12878987E+04  0.16035707E+04  0.13404816E+04  0.10316151E+01  0.00000000E+00  0.61380000E-01  0.20142000E+01  0.00000000E+00  0.00000000E+00  0.55098303E+02  0.21326800E+03  0.16988420E+04  0.13161397E+04
  0.93000000E+01  0.10230000E+02  0.90200000E+01  0.11321800E+02  0.25167518E+03  0.17922222E+02  0.24942207E+03  0.00000000E+00  0.19769565E+03  0.26699615E+03  0.36900000E+02  0.17686667E+02  0.00000000E+00  0.60294118E+02  0.21829000E+01  0.18554902E+03  0.12107143E+04  0.00000000E+00  0.52860000E+03  0.56666667E+02  0.00000000E+00  0.40000000E+02  0.33561000E+01  0.13220690E+04  0.16674627E+04  0.13284615E+04  0.00000000E+00  0.00000000E+00  0.00000000E+00  0.00000000E+00  0.00000000E+00  0.00000000E+00  0.38440000E+03  0.32240769E+03  0.20274000E+04  0.39333333E+01
  0.93000000E+01  0.10230000E+02  0.90485194E+01  0.11154958E+02  0.28085304E+03  0.27922111E+02  0.28725886E+03  0.00000000E+00  0.19115937E+03  0.29202020E+03  0.46035830E+02  0.18384979E+02  0.00000000E+00  0.87738291E+02  0.24033581E+01  0.18315563E+03  0.11832750E+04  0.22846154E+00  0.23702459E+03  0.12375044E+03  0.99000000E-02  0.12472144E+03  0.26116081E+01  0.12842076E+04  0.16074282E+04  0.13342748E+04  0.10521289E+01  0.22000000E-02  0.99000000E-01  0.10758000E+01  0.00000000E+00  0.00000000E+00  0.99398742E+02  0.20992703E+03  0.17288704E+04  0.13350930E+04
  0.93000000E+01  0.10230000E+02  0.64661850E+01  0.86450000E+01  0.51538964E+03  0.50398624E+02  0.53625367E+03  0.00000000E+00  0.62158076E+02  0.54339825E+03  0.86271967E+02  0.34538080E+02  0.00000000E+00  0.13187342E+03  0.18147000E+01  0.17817391E+03  0.74527624E+03  0.00000000E+00  0.21735211E+03  0.60099010E+02  0.00000000E+00  0.66942857E+02  0.27439500E+01  0.14283954E+04  0.17088904E+04  0.14224719E+04  0.13294286E+01  0.00000000E+00  0.00000000E+00  0.00000000E+00  0.00000000E+00  0.00000000E+00  0.11712923E+03  0.67981098E+03  0.16328502E+04  0.12382532E+03
  0.93000000E+01  0.10230000E+02  0.64938799E+01  0.11566359E+02  0.51514117E+03  0.51571765E+02  0.53659116E+03  0.00000000E+00  0.56939746E+02  0.54399921E+03  0.86250609E+02  0.34500816E+02  0.00000000E+00  0.13013865E+03  0.21866067E+01  0.16821318E+03  0.79189080E+03  0.22340602E+00  0.15714508E+03  0.60973896E+02  0.21506897E-01  0.60851129E+02  0.28337872E+01  0.14308979E+04  0.17621651E+04  0.14682091E+04  0.11000566E+01  0.42307692E-02  0.42245038E-01  0.21940541E-01  0.00000000E+00  0.00000000E+00  0.11800690E+03  0.81233538E+03  0.16353467E+04  0.99255959E+02
  0.93000000E+01  0.10230000E+02  0.73750355E+01  0.13733015E+02  0.48045903E+03  0.48048100E+02  0.50215655E+03  0.00000000E+00  0.14489571E+03  0.50984010E+03  0.80846816E+02  0.32329271E+02  0.00000000E+00  0.12206628E+03  0.24670422E+01  0.18739146E+03  0.14434407E+04  0.58482947E+00  0.28296770E+03  0.76283514E+02  0.20119355E-01  0.77323918E+02  0.28290861E+01  0.14340406E+04  0.17236950E+04  0.14365164E+04  0.10972571E+01  0.40333333E-02  0.40300472E-01  0.13738645E+01  0.00000000E+00  0.00000000E+00  0.16054018E+03  0.20924616E+04  0.19447670E+04  0.15265332E+04
  0.93000000E+01  0.10230000E+02  0.71407470E+01  0.12548716E+02  0.49122783E+03  0.49087184E+02  0.51291956E+03  0.00000000E+00  0.12856312E+03  0.52052776E+03  0.82544685E+02  0.33003028E+02  0.00000000E+00  0.12468410E+03  0.24090250E+01  0.18440481E+03  0.15079294E+04  0.54784125E+00  0.29742279E+03  0.77319515E+02  0.14940000E-01  0.77426218E+02  0.28400042E+01  0.14328560E+04  0.17176128E+04  0.14317765E+04  0.11115109E+01  0.45000000E-02  0.41684211E-01  0.11562750E+01  0.00000000E+00  0.00000000E+00  0.10538899E+03  0.60304760E+03  0.16801368E+04  0.16286332E+04
  0.93000000E+01  0.10230000E+02  0.91986809E+01  0.73594200E+01  0.10016766E+03  0.10026301E+02  0.97875097E+02  0.00000000E+00  0.25299337E+03  0.96849422E+02  0.15508012E+02  0.61828594E+01  0.00000000E+00  0.21344385E+02  0.33079042E+01  0.25096681E+03  0.89197183E+02  0.74250000E-02  0.15998817E+02  0.13803239E+02  0.00000000E+00  0.12584746E+02  0.21268500E+01  0.13331150E+04  0.11611811E+04  0.98027797E+03  0.10088594E+02  0.00000000E+00  0.19800000E-01  0.94141271E+01  0.00000000E+00  0.00000000E+00  0.38399679E+02  0.13617537E+03  0.11016521E+04  0.12527970E+03
  0.00000000E+00  0.00000000E+00  0.96426000E+01  0.00000000E+00  0.39048750E+03  0.00000000E+00  0.44324000E+03  0.00000000E+00  0.27000000E+03  0.45885000E+03  0.00000000E+00  0.00000000E+00  0.00000000E+00  0.11000000E+03  0.00000000E+00  0.16800000E+03  0.00000000E+00  0.00000000E+00  0.00000000E+00  0.00000000E+00  0.00000000E+00  0.19500000E+03  0.00000000E+00  0.14545455E+04  0.17100000E+04  0.15166667E+04  0.00000000E+00  0.00000000E+00  0.00000000E+00  0.00000000E+00  0.00000000E+00  0.00000000E+00  0.00000000E+00  0.00000000E+00  0.13652308E+04  0.23600000E+02
  0.93000000E+01  0.10230000E+02  0.92268000E+01  0.00000000E+00  0.38422838E+03  0.39696667E+02  0.39480424E+03  0.00000000E+00  0.17623529E+03  0.47435062E+03  0.76677778E+02  0.23360000E+02  0.00000000E+00  0.10442857E+03  0.00000000E+00  0.18600000E+03  0.24750000E+03  0.00000000E+00  0.30000000E+01  0.00000000E+00  0.00000000E+00  0.10000000E+03  0.00000000E+00  0.14443893E+04  0.17368000E+04  0.14922764E+04  0.00000000E+00  0.00000000E+00  0.00000000E+00  0.00000000E+00  0.00000000E+00  0.00000000E+00  0.32300000E+03  0.13210000E+03  0.15728289E+04  0.59000000E+01
  0.93000000E+01  0.10230000E+02  0.94487250E+01  0.41496971E+01  0.51685248E+02  0.51615985E+01  0.51753482E+02  0.00000000E+00  0.25791255E+03  0.51908924E+02  0.81377445E+01  0.32536186E+01  0.00000000E+00  0.11399461E+02  0.33505625E+01  0.25634289E+03  0.20055405E+04  0.00000000E+00  0.31628571E+03  0.23769231E+03  0.00000000E+00  0.19333333E+03  0.00000000E+00  0.12805102E+04  0.23192308E+04  0.22029412E+04  0.10189233E+02  0.00000000E+00  0.00000000E+00  0.94121954E+01  0.00000000E+00  0.00000000E+00  0.46341176E+03  0.39417300E+04  0.65427529E+04  0.47554000E+04
  0.00000000E+00  0.00000000E+00  0.00000000E+00  0.00000000E+00  0.00000000E+00  0.00000000E+00  0.00000000E+00  0.00000000E+00  0.00000000E+00  0.00000000E+00  0.00000000E+00  0.00000000E+00  0.00000000E+00  0.00000000E+00  0.00000000E+00  0.00000000E+00  0.00000000E+00  0.00000000E+00  0.00000000E+00  0.00000000E+00  0.00000000E+00  0.00000000E+00  0.00000000E+00  0.00000000E+00  0.00000000E+00  0.00000000E+00  0.00000000E+00  0.00000000E+00  0.00000000E+00  0.00000000E+00  0.00000000E+00  0.00000000E+00  0.00000000E+00  0.00000000E+00  0.00000000E+00  0.00000000E+00
  0.00000000E+00  0.00000000E+00  0.00000000E+00  0.00000000E+00  0.00000000E+00  0.00000000E+00  0.00000000E+00  0.00000000E+00  0.00000000E+00  0.00000000E+00  0.00000000E+00  0.00000000E+00  0.00000000E+00  0.00000000E+00  0.00000000E+00  0.00000000E+00  0.00000000E+00  0.00000000E+00  0.00000000E+00  0.00000000E+00  0.00000000E+00  0.00000000E+00  0.00000000E+00  0.00000000E+00  0.00000000E+00  0.00000000E+00  0.00000000E+00  0.00000000E+00  0.00000000E+00  0.00000000E+00  0.00000000E+00  0.00000000E+00  0.00000000E+00  0.00000000E+00  0.00000000E+00  0.00000000E+00
  0.93000000E+01  0.10230000E+02  0.91426874E+01  0.12120987E+02  0.24934304E+03  0.24907302E+02  0.25302960E+03  0.00000000E+00  0.19440965E+03  0.25655347E+03  0.40625052E+02  0.16275551E+02  0.00000000E+00  0.73089981E+02  0.24144662E+01  0.18395394E+03  0.68964691E+03  0.17739184E+00  0.13869626E+03  0.47334791E+02  0.22813043E-01  0.47602224E+02  0.25880076E+01  0.13193462E+04  0.15599795E+04  0.13007854E+04  0.10420861E+01  0.29700000E-01  0.54000000E-01  0.54047812E+00  0.00000000E+00  0.00000000E+00  0.26916667E+03  0.14685823E+04  0.17085642E+04  0.12295427E+04
  0.93000000E+01  0.10230000E+02  0.92548510E+01  0.14030497E+02  0.21421279E+03  0.21420471E+02  0.20936990E+03  0.00000000E+00  0.19910045E+03  0.20756097E+03  0.32849531E+02  0.13125255E+02  0.00000000E+00  0.51228228E+02  0.24632080E+01  0.18754748E+03  0.14122869E+04  0.48036758E+00  0.28081740E+03  0.91435603E+02  0.56773469E-01  0.91181747E+02  0.23651077E+01  0.11908969E+04  0.15712853E+04  0.13050354E+04  0.10446971E+01  0.00000000E+00  0.28050000E-01  0.11092082E+01  0.00000000E+00  0.00000000E+00  0.26023072E+03  0.36632877E+04  0.22304114E+04  0.10639019E+04
  0.93000000E+01  0.10230000E+02  0.79359371E+01  0.13961576E+02  0.44466338E+03  0.44441236E+02  0.46616682E+03  0.00000000E+00  0.16938905E+03  0.47417369E+03  0.75170827E+02  0.30076772E+02  0.00000000E+00  0.11359139E+03  0.24744564E+01  0.18838377E+03  0.14799021E+04  0.41040539E+00  0.28994448E+03  0.84487803E+02  0.30214286E-01  0.84636949E+02  0.28341926E+01  0.14294456E+04  0.17330343E+04  0.14442502E+04  0.11067118E+01  0.45222222E-02  0.44744882E-01  0.24773170E+01  0.00000000E+00  0.00000000E+00  0.19703995E+03  0.24844793E+04  0.17268416E+04  0.25304370E+04
  0.93000000E+01  0.10230000E+02  0.92700083E+01  0.13844785E+02  0.21772068E+03  0.21782056E+02  0.21415706E+03  0.00000000E+00  0.19838722E+03  0.21293163E+03  0.33638614E+02  0.13482671E+02  0.00000000E+00  0.49263725E+02  0.24727578E+01  0.18828063E+03  0.23744750E+04  0.60048621E+00  0.45971568E+03  0.21998080E+03  0.29700000E-01  0.22610001E+03  0.26139046E+01  0.13324573E+04  0.25670437E+04  0.21397109E+04  0.11133008E+01  0.00000000E+00  0.49500000E-02  0.53772968E+01  0.00000000E+00  0.00000000E+00  0.81937888E+03  0.46596775E+04  0.10794502E+04  0.50360306E+04
